15391
6532
8734
9015
26468
9485
7203
7265
8297
11657
13266
10032
10344
7843
7968
7938
26329
8109
8594
6828
9937
7000
8343
8500
7360
7735
7547
7093
8000
8094
8610
8828
7578
8718
8625
10844
15094
8687
6954
9156
7765
6782
7906
7297
8031
9437
10516
8516
7969
8250
9031
8188
11547
12656
46985
7906
11719
8468
8500
7140
8437
7406
7703
6938
8860
24937
8171
9609
7703
15437
8484
10750
7094
7641
8359
6844
7281
8032
6813
6204
6656
6781
8484
7422
6812
6469
7969
7843
9547
8578
8188
7204
6610
7110
6813
10672
6703
6532
56375
7906
7671
7422
7422
7032
7922
7734
8000
7469
6859
7687
7625
6484
9735
18625
6781
6453
6781
8422
6421
8203
6406
7672
15281
6594
6782
6282
7953
7828
7125
35469
7625
7125
55922
6813
8094
16453
8218
8031
7500
6234
6781
7203
6609
7500
6718
8547
6812
7329
8062
7438
7016
6515
6250
6609
10859
8969
21343
13219
10703
9594
6266
6859
6812
48704
